271006061923079845992642645729870352524130533
-410286568140953878810649814442558983
-570862932872742080827710575907
25922595740257556611120
-448948025577174343527967
-84777030506405
8062972180537263
229454518947270862842704791439476909303
59509279900491185
-10218722366056962231832901809023
45427406507194862231167245861947621600273055178
850869003630450419352876
-48099811521379214670192849032783896741171
4495907330670
-43157937134109984893322267
-896286997157815388217585491568125127078654936
-5559940041023443061291
918065287107868604461719367678279606
29740671904068119321801275066178118510582636073702
-290366343047601372593296734862800354569
-92672658981879184806954549787594006
654083739848092843337317631
-9767775418049687211459267489769923442445437272
357983773587483610427377456439920326765185761
-5997485664087950430675045806756427705097959783805
883765694203645237618927342842228857
1382241827
-15481810918330401211368794106090910066197105383644
-70849425009187867947747503
71672174063579749628250514767
